 00 00 00 00 00 00 00 00 00 00 00 00 00 00 00 00
*
 00 00 01 00 03 80 03 00 06 08 0f fc 0c 18 10 30
 00 30 02 60 01 c0 00 c0 00 e0 00 40 00 00 00 00
 00 00 00 00 00 00 00 00 00 00 00 00 00 00 7f fe
 00 00 00 00 00 00 00 00 00 00 00 00 00 00 00 00
 00 00 00 00 00 00 00 00 00 00 00 00 0e 00 3f 80
 61 c3 00 fe 00 38 00 00 00 00 00 00 00 00 00 00
 00 00 02 40 02 40 02 40 02 40 02 40 02 40 02 40
 02 40 02 40 02 40 02 40 02 40 02 40 02 40 00 00
 00 00 00 00 00 00 00 00 00 00 00 00 31 8c 7b de
 7b de 31 8c 00 00 00 00 00 00 00 00 00 00 00 00
 00 00 00 00 00 08 00 30 00 60 00 f0 00 f0 00 60
 00 00 00 00 00 00 00 00 00 00 00 00 00 00 00 00
 00 00 0c 00 1e 00 1e 00 0c 00 04 00 08 00 10 00
 00 00 00 00 00 00 00 00 00 00 00 00 00 00 00 00
 00 00 00 00 00 21 00 c6 01 8c 03 de 03 de 01 8c
 00 00 00 00 00 00 00 00 00 00 00 00 00 00 00 00
 00 00 18 c0 3d e0 3d e0 18 c0 08 40 10 80 21 00
 00 00 00 00 00 00 00 00 00 00 00 00 00 00 00 00
 00 00 00 0c 00 38 00 60 00 40 00 40 00 40 00 40
 00 40 00 40 00 40 00 40 00 60 00 38 00 0c 00 00
 00 00 18 00 0e 00 03 00 01 00 01 00 01 00 01 00
 01 00 01 00 01 00 01 00 03 00 0e 00 18 00 00 00
 00 00 00 00 00 00 00 40 00 80 01 00 02 00 04 00
 08 00 04 00 02 00 01 00 00 80 00 40 00 00 00 00
 00 00 00 00 02 00 01 00 00 80 00 40 00 20 00 10
 00 20 00 40 00 80 01 00 02 00 00 00 00 00 00 00
 00 00 00 00 00 00 02 40 02 40 04 80 04 80 09 00
 09 00 04 80 04 80 02 40 02 40 00 00 00 00 00 00
 00 00 00 00 00 00 02 40 02 40 01 20 01 20 00 90
 00 90 01 20 01 20 02 40 02 40 00 00 00 00 00 00
 00 00 00 00 01 f0 01 00 01 00 01 00 01 00 01 00
 01 00 01 00 01 00 01 00 01 00 01 00 00 00 00 00
 00 00 00 00 00 80 00 80 00 80 00 80 00 80 00 80
 00 80 00 80 00 80 00 80 00 80 0f 80 00 00 00 00
 00 00 00 00 03 f8 02 08 02 f8 02 80 02 80 02 80
 02 80 02 80 02 80 02 80 02 80 03 80 00 00 00 00
 00 00 00 00 00 70 00 50 00 50 00 50 00 50 00 50
 00 50 00 50 00 50 00 50 1f d0 10 10 1f f0 00 00
 00 00 00 00 0f f0 08 20 08 40 08 80 08 80 09 00
 09 00 08 80 08 80 08 40 08 20 0f f0 00 00 00 00
 00 00 00 00 07 f8 02 08 01 08 00 88 00 88 00 48
 00 48 00 88 00 88 01 08 02 08 07 f8 00 00 00 00
 00 00 00 00 07 f0 07 e0 07 c0 07 80 07 80 07 00
 07 00 07 80 07 80 07 c0 07 e0 07 f0 00 00 00 00
 00 00 00 00 07 f0 03 f0 01 f0 00 f0 00 f0 00 70
 00 70 00 f0 00 f0 01 f0 03 f0 07 f0 00 00 00 00
 00 00 00 00 00 80 00 80 00 80 00 80 0f f8 00 80
 00 80 00 80 00 80 00 00 0f f8 00 00 00 00 00 00
