 00 00 00 00 00 00 00 00 00 00 00 00 00 00 00 00
*
 00 00 00 00 30 00 1e 00 0f 00 07 00 00 00 00 00
 00 00 00 00 00 00 00 00 00 00 00 00 00 00 00 00
 00 00 00 00 3c 00 66 00 66 00 66 00 3c 00 00 00
 00 00 00 00 00 00 00 00 00 00 00 00 01 80 03 c0
 03 c0 01 80 00 00 00 00 00 00 00 00 00 00 00 00
 00 00 00 00 00 00 00 00 00 00 00 00 00 00 07 f0
 00 00 00 00 00 00 00 00 00 00 00 00 00 00 00 00
 00 00 00 00 00 00 00 00 10 04 10 04 08 08 08 08
 04 10 04 10 02 20 02 20 01 40 01 c0 00 80 00 00
 00 00 00 00 00 00 00 00 00 00 0c 18 1e 3c 1e 3c
 0c 18 00 00 00 00 00 00 00 00 00 00 00 00 00 00
 00 00 00 00 00 00 01 10 01 10 03 30 03 30 06 60
 04 40 04 40 08 80 08 80 11 00 11 00 00 00 00 00
